100 100
2902 3194 3209 3132 2721 3049 3140 3176 2843 2797 2893 3131 3000 2864 3115 2842 2982 3343 3084 3270 2971 3067 2899 2836 3036 2727 2997 2845 2924 3145 2912 3265 2898 3068 3122 2886 3121 3097 3190 3005 2914 3275 2807 3014 2931 2937 3123 3149 2898 2979 2815 3013 2900 2961 2935 2952 2972 2987 3309 2571 3020 2932 2630 3088 2957 2964 2709 3046 3384 3214 3219 3303 2958 3176 2946 3059 2793 3246 2924 3220 3004 3253 3059 3227 2849 2920 3164 3024 3164 3040 3173 3421 3177 3235 3144 2921 3176 2710 3058 3011 
2712 2668 3094 2934 2626 2832 3108 3101 2627 2735 2662 2914 3054 2739 2930 2691 2906 3033 2913 3008 2659 3092 2773 2719 2955 2760 2739 2840 3005 2948 2903 3102 2923 3071 2990 2852 2737 2812 3005 2689 2808 3159 2581 2848 2811 2847 2948 3088 2864 2633 2939 2989 2729 2645 3071 2536 2709 2971 3046 2580 2812 2812 2715 2959 2865 2710 2465 2993 3167 3046 2766 2985 2784 2924 2905 2869 2547 2974 2661 2934 2797 2867 3070 2999 2727 2746 3014 2801 2861 2967 3021 3262 2945 2995 2982 2923 3017 2597 2994 3022 
2820 3014 3203 3319 2704 3114 2966 3245 2809 2848 2913 3250 3091 2832 3074 3034 3023 3339 3178 3207 2901 3272 2918 2906 3127 2831 2983 2938 3110 3131 3019 3229 3032 3328 2931 2787 3134 3038 3180 2937 3048 3276 2945 2999 2961 3038 3107 3184 3070 2885 3047 3088 2825 2923 3090 2881 2848 3019 3084 2521 2915 2933 2849 2945 3078 2912 2913 2990 3387 3326 3053 3349 2962 3217 2908 3007 2839 3224 2877 3157 2969 3157 3243 3217 2751 3044 3335 3044 3086 3173 3252 3406 2944 3404 3098 3110 3240 2727 3236 3164 
3047 3224 3370 3424 2919 3035 3257 3312 2921 2845 3132 3358 3304 3164 3365 3205 3160 3606 3426 3403 3059 3201 2963 2899 3319 3121 2982 3056 3303 3293 3215 3424 3180 3227 3322 2916 3140 3305 3440 3202 3148 3725 3021 3143 3078 3217 3463 3490 3317 3019 3068 3358 3135 3100 3215 2809 2966 3033 3492 2907 3144 3072 2806 3037 3174 3061 2979 3251 3364 3394 3294 3342 3269 3356 3113 3105 2848 3297 2951 3244 3075 3284 3462 3478 3043 3247 3408 3119 3362 3347 3513 3735 3308 3322 3319 3258 3385 2704 3585 3318 
2933 3019 3333 3193 2965 3121 3343 3259 2674 2929 2945 3215 3207 2893 3003 2955 3102 3505 3215 3295 3133 3116 2997 2870 3144 3004 3008 2859 3216 3275 3198 3320 3183 3262 3100 3077 3215 3067 3335 2995 3249 3606 3000 3073 3042 2947 3152 3054 3265 2893 3022 3253 2910 3026 3053 2852 3190 3117 3275 2754 3149 3012 2820 3181 3095 2918 2855 3132 3510 3397 3256 3328 3028 3315 3168 3294 2873 3239 2799 3310 3159 3337 3293 3467 2902 3015 3252 2968 3109 3204 3293 3448 3151 3354 3166 2930 3258 2690 3275 3158 
2762 3018 3205 2978 2617 2954 3108 3185 2884 2677 3013 2981 3186 2979 3049 2874 2841 3257 3045 3362 2880 3113 2953 2912 2956 2867 2775 3091 3036 3035 2936 3304 3040 3231 3353 2918 3037 2995 3051 2839 3052 3277 2828 2954 2794 3023 3122 2947 2994 2902 2941 3101 2861 2874 3122 2618 2969 3076 3247 2802 2957 2896 2771 3065 3075 2785 2787 3161 3425 3326 3029 3263 2926 3182 3265 3041 2717 3267 2977 3075 2918 3110 3189 3235 2898 2889 3338 3023 3099 3128 3293 3395 3214 3076 3040 2926 3079 2789 3045 3025 
2731 2747 2930 3138 2616 2835 2921 3069 2577 2622 2822 2956 2926 2917 2735 2687 2766 3186 3034 3107 2710 2984 2557 2719 2894 2794 2875 2677 2957 2964 2922 3001 3200 2985 2858 2706 2823 2886 3047 2796 2900 3200 2795 2798 2741 2880 3020 2783 2948 2738 2787 2924 2577 2694 2868 2606 2772 2894 3007 2398 2862 2877 2574 3004 2843 2767 2782 2789 3207 3039 2853 3001 2911 3006 2931 2894 2675 3035 2570 2691 2898 2861 2986 2961 2726 2882 3043 2824 2806 3002 3104 3345 2881 2970 2977 2880 2787 2579 2884 2892 
2753 2890 3154 3066 2664 2802 3201 3106 2722 2729 2910 2962 3101 2687 2923 2686 2926 3333 3098 3081 2869 3023 2782 2740 3104 2967 2925 2904 3000 3150 2948 3116 3002 3092 3073 2891 3028 3128 3026 2850 2922 3327 2753 2894 2823 2951 3195 2995 2963 2587 2814 2968 2809 2663 2923 2764 2937 2973 3218 2617 2906 2887 2824 2840 3024 2672 2814 3019 3182 3282 2952 3217 2808 2896 2740 2831 2819 2904 2689 2994 2836 3050 3087 3130 2654 2829 3274 2969 2951 3093 3062 3220 2951 3174 2911 2751 3138 2573 3154 3140 
2822 2920 3027 3122 2683 2980 3029 3108 2673 2698 2880 3097 3091 2902 2980 2843 2920 3123 3143 3146 2923 3164 2834 2641 2993 2887 2690 2727 3109 3113 2951 3102 2973 3057 2970 2727 2959 2959 3089 2934 3025 3221 2877 2783 2773 2928 2984 3038 2938 2684 2773 3026 2742 2913 2876 2625 2819 2860 3075 2688 2811 2734 2686 2853 2848 2844 2900 2859 3333 3049 2931 3229 2828 3100 3000 2889 2672 3060 2609 3075 2778 3129 3347 3186 2742 2874 3193 2880 2956 3092 3120 3478 2978 3231 3117 2932 2998 2609 3099 2906 
2752 2923 3040 3152 2807 3095 2964 3168 2677 2844 3004 3099 3084 2752 2879 2722 2910 3280 3201 3129 2907 3081 2940 2645 2998 2901 2939 2757 2948 3193 2901 3111 2895 3041 2937 2757 2971 2860 3155 3003 3052 3243 2671 2866 2777 2816 3121 3040 3078 2821 2977 3113 2689 2727 2956 2759 2896 2775 3047 2500 2928 2825 2662 2929 2937 2949 2710 2875 3376 3224 3066 3112 2984 3099 2843 2814 2700 3164 2741 3103 2847 3234 3142 3036 2694 2790 2975 2782 2971 3182 3069 3248 2943 3230 3117 2963 2993 2583 3103 3063 
2812 2749 2856 3062 2810 2882 3141 3109 2396 2712 2742 3006 3020 2896 2849 2647 2743 3256 3109 3125 2728 3013 2623 2749 2934 2922 2693 2739 3001 3026 2821 3107 3085 3189 3041 2757 2977 2935 3136 2782 3018 3185 2822 2771 2837 2720 2954 2993 3037 2722 2880 3036 2795 2884 3061 2382 2743 2923 2977 2543 2909 2655 2872 2910 2948 2758 2678 3023 3225 3190 2783 2964 3027 2883 2884 2844 2558 2985 2601 2961 2934 3025 3097 3114 2862 2765 3134 2935 2917 3171 3039 3170 2874 3074 2908 2776 3033 2649 3008 2974 
2636 3012 2915 3151 2786 3081 3092 3112 2583 2667 2863 3010 3023 3007 2960 2681 2909 3177 3100 3120 2754 3111 2848 2888 2978 2808 2782 2795 3119 2907 2808 3119 2961 3119 2910 2724 3010 2874 3092 2780 3119 3065 2825 2856 2965 2872 3038 3065 2939 2789 2889 2959 2796 2815 2820 2795 2829 2893 3167 2562 2909 2789 2717 3081 2948 2825 2753 3045 3278 3242 2946 3048 2866 3120 3016 2902 2772 3133 2773 3109 2927 3271 3050 2940 2733 2857 3151 2932 2917 3219 3193 3407 3082 3142 3105 3003 3093 2745 3075 2863 
2706 2856 2936 3104 2732 2961 3090 3129 2598 2816 2696 3021 2949 2849 2942 2846 2823 3243 3010 3094 2880 2902 2671 2772 3040 2766 2680 2775 2992 2898 2856 3138 2925 3098 2849 2772 2960 2814 3146 2787 2925 3110 2594 2830 2844 2668 2969 3028 3103 2627 2815 2904 2789 2860 2897 2727 2801 2928 3066 2441 2898 2840 2710 2854 2991 2761 2795 2919 3235 3176 2964 3046 2937 3026 2937 2828 2838 3082 2695 3030 2760 3023 3148 3048 2722 2858 3163 2883 2891 3179 3167 3321 3024 3098 3073 2999 3063 2434 3142 3015 
2735 2921 3208 3165 2837 2875 3212 3333 2762 2734 2947 3101 3047 2985 3080 2878 3108 3483 3222 3451 2940 3088 2933 2837 3130 2960 2872 2905 3124 2972 2937 3365 3163 3261 3132 3044 3125 2912 3307 3061 3057 3371 2855 3053 2921 2874 3132 3097 3281 2883 3107 3144 2876 2867 2990 2762 3042 2985 3291 2628 3008 2867 2825 2936 3162 2979 2903 3143 3394 3343 3178 3183 3051 3000 2980 3059 2769 3204 2901 3145 3024 3212 3093 3171 2819 2952 3419 2931 3046 3387 3268 3493 3142 3331 3258 3045 3222 2850 3253 3226 
2691 2935 2850 2955 2754 2631 2896 2946 2565 2705 2665 2899 2900 2792 2924 2714 2734 3101 2963 3025 2762 2918 2815 2516 2803 2728 2703 2670 2839 2749 2740 3021 2779 2907 2851 2616 2711 2673 2970 2639 2900 3034 2712 2847 2852 2773 2928 2778 2999 2619 2839 2919 2592 2669 2923 2554 2733 2746 2760 2538 2786 2692 2593 2860 2817 2747 2695 2887 3080 3063 2975 3150 2842 3038 2731 2821 2571 3131 2666 2863 2840 2808 2845 2825 2475 2633 3030 2652 2727 3045 3060 3188 2810 2991 3002 2991 2976 2477 2907 2812 
2866 2985 3116 3132 2715 2676 3075 3001 2694 2799 2815 3158 3152 3005 3150 2697 2742 3329 3070 3278 3007 3006 2735 2826 3023 2864 2684 2687 2965 2932 2892 3260 3015 3140 2948 2952 2942 2750 3109 2989 2994 3311 3065 2996 2997 2776 3088 2980 3236 2785 2855 3020 2780 2943 3095 2745 2966 2872 3278 2626 2982 2814 2799 2975 3050 2896 2844 2968 3324 3059 3112 3148 3040 3190 2901 2869 2791 3262 2802 3013 2984 3101 3062 3044 2798 3072 3093 2909 2942 3228 3241 3494 3166 3286 3013 3049 3137 2622 3303 3005 
3155 3246 3618 3575 3198 3276 3470 3556 3130 3198 3293 3590 3512 3291 3453 3181 3355 3838 3614 3626 3231 3585 3183 3229 3406 3399 3141 3183 3509 3443 3351 3689 3489 3605 3373 3180 3493 3265 3670 3333 3447 3673 3181 3365 3288 3327 3639 3627 3629 3200 3338 3481 3213 3253 3590 2994 3162 3316 3665 3042 3295 3324 3150 3392 3437 3204 3153 3480 3742 3687 3324 3609 3365 3498 3204 3279 3136 3580 3202 3371 3394 3523 3750 3510 3266 3352 3659 3445 3450 3656 3555 3824 3401 3726 3416 3275 3624 3013 3624 3391 
2569 2713 2940 2868 2616 2627 2968 2981 2491 2585 2668 2739 2721 2664 2876 2724 2702 3262 2894 3029 2738 2840 2678 2654 2842 2700 2607 2667 2789 2839 2731 3055 2846 2825 2917 2535 2930 2773 2950 2686 2736 3155 2639 2706 2748 2743 2838 2868 2896 2548 2907 2790 2633 2683 2693 2558 2699 2782 3056 2503 2771 2596 2603 2692 2778 2707 2539 2904 3087 2897 2735 2872 2754 2927 2803 2732 2559 2930 2532 2792 2629 2785 2898 2981 2494 2739 2986 2779 2833 2919 3000 3242 2929 2906 2815 2809 3042 2192 3007 2844 
2735 2978 3198 2979 2723 2838 3072 3198 2765 2760 2956 3054 3071 2941 2974 2870 3059 3277 3189 3337 2916 3005 2736 2820 3044 2972 2829 2773 3058 2971 2815 3160 2954 3156 3016 2829 3124 2994 3032 2897 3251 3312 2681 2905 2838 2800 3105 3103 3061 2873 2925 3009 2798 2852 2940 2709 2851 2921 3173 2582 3004 2831 2715 3165 2988 2986 2850 3118 3317 3195 3000 3179 3006 3033 2938 3075 2700 3241 2857 3048 2968 3222 3132 2999 2839 2934 3181 2915 2962 3251 3160 3420 3009 3085 3101 2955 3080 2677 3107 3006 
2935 2832 3303 3231 2733 3037 3167 3203 2825 2942 3079 3181 3234 2963 3027 2926 2950 3504 3221 3279 3020 3034 2865 3024 3028 2973 3001 2938 3053 3203 3022 3408 3159 3345 3161 3127 3242 2943 3373 3148 3186 3205 2992 3026 2919 2884 3313 3331 3372 2982 3077 3154 2886 3164 3018 2974 2889 3034 3243 2737 3183 3011 2948 3048 3025 3024 2734 3148 3532 3190 3155 3298 3095 3301 3147 3040 2834 3241 2906 3233 3124 3286 3308 3121 2954 2967 3290 3021 3022 3211 3256 3475 3192 3368 3142 3194 3287 2755 3180 3088 
2549 2714 2860 3130 2611 2685 2771 2993 2581 2743 2824 2837 3009 2742 2866 2613 2753 3177 3001 2856 2685 2981 2656 2515 2718 2812 2738 2626 2787 2831 2914 3007 2853 3068 2789 2772 2817 2761 2993 2816 2948 3186 2802 2690 2839 2773 2986 2862 2970 2644 2811 2870 2762 2661 2945 2584 2561 2708 2786 2523 2780 2702 2546 2936 2799 2767 2636 2861 3278 2940 2789 2973 2902 3141 2914 2794 2645 2908 2697 2934 2896 2851 3046 2685 2685 2619 2941 2671 2850 2914 2941 3079 2702 3006 2907 2966 2940 2396 2953 2806 
2782 2915 3045 2962 2707 2684 2932 3001 2804 2798 2843 3023 2903 2786 2805 2754 2671 3057 3019 3138 2840 3093 2758 2696 2906 2768 2697 2646 2944 2891 2828 3148 2891 2997 2911 2698 2869 2824 2994 2695 3098 2946 2834 2818 2769 2747 3006 2919 2950 2791 2934 2965 2719 2731 2940 2516 2734 2907 2961 2669 2693 2681 2540 2982 2842 2820 2631 2809 3269 2972 2881 3196 3018 3020 2813 2755 2541 3073 2602 3041 2692 2986 3091 3018 2753 2786 3154 2765 2788 2989 3022 3235 2933 2911 2982 2848 3102 2609 3077 2922 
2515 2657 2652 2658 2604 2535 2887 2913 2528 2454 2558 2680 2715 2561 2728 2518 2583 2871 2847 2888 2730 2902 2479 2576 2779 2451 2458 2506 2747 2561 2532 2828 2675 2908 2630 2470 2540 2644 2767 2500 2644 2780 2525 2596 2599 2399 2807 2599 2618 2582 2654 2710 2412 2612 2765 2361 2476 2834 2618 2417 2660 2609 2551 2542 2682 2607 2635 2757 2795 2926 2733 2850 2642 2716 2608 2689 2400 2673 2501 2664 2716 2797 2731 2691 2608 2547 2985 2589 2715 2811 2767 2903 2604 2835 2684 2491 2519 2345 2796 2667 
2900 2917 3106 3169 2809 2929 2994 3064 2827 2834 2930 3157 3164 2803 3038 2756 2938 3321 3034 3217 2813 3087 2891 2821 2939 2957 2935 2935 2963 3011 3057 3244 2958 3245 3006 2901 2881 3003 3049 3106 3081 3314 2897 2900 2964 2923 3089 3031 3180 3037 3020 3000 2817 2689 3025 2772 2927 3102 3181 2660 2900 2818 2631 2942 2831 2977 2700 2901 3354 3315 3143 3204 3089 3090 2997 2878 2679 3208 2753 3174 2845 3130 3033 3158 2895 2980 3202 2787 2863 3093 3139 3408 3062 3265 3000 3133 2991 2750 3159 3118 
2589 2678 3035 2933 2490 2779 2777 3032 2653 2589 2883 2723 2907 2632 2844 2864 2718 3071 2847 2994 2758 2992 2592 2685 2755 2789 2701 2632 2968 2865 2946 2954 2770 3079 2876 2855 2898 2988 2900 2902 2900 3091 2706 2842 2606 2548 2809 2752 2857 2808 2645 2831 2577 2706 2923 2532 2775 2889 2905 2341 2813 2784 2445 2846 2629 2776 2720 2887 3266 3023 2885 3156 2772 2858 2923 2792 2469 3025 2611 2925 2899 2772 3045 2984 2691 2740 3083 2800 2720 2913 2985 3307 2804 2914 2835 2836 2842 2549 2960 2764 
2835 3017 3107 3111 2715 2860 2930 3107 2838 2860 2931 3110 3215 2963 3196 2899 2904 3327 3130 3288 2843 3125 2770 2776 3034 2986 2811 2884 3021 3003 2968 3202 2972 3042 2982 2750 2927 3096 3228 2946 3042 3228 2869 2893 2823 2974 3133 3119 3019 3022 2983 3087 2787 2916 2982 2736 2932 2900 3122 2655 2851 2900 2492 3137 2978 2833 2810 2985 3404 3258 3013 3287 2922 3076 2974 3017 2668 3187 2889 2994 2998 3138 3217 3058 2827 2840 3266 2943 2977 3077 3230 3400 3045 3116 3052 2920 3092 2695 2950 3054 
2893 3150 3367 3213 2882 3093 3154 3271 2760 2994 3039 3379 3125 2992 3041 2892 2972 3285 3147 3277 2989 3080 2960 2912 3098 3032 3039 2867 3127 3302 2951 3245 3158 3286 3114 2964 3156 3127 3182 3003 3173 3497 2904 2981 2903 3094 3204 3128 3237 2950 3014 3253 2923 2883 3145 2796 3070 2997 3204 2666 3039 2920 2750 3225 3104 3028 2784 3195 3504 3490 3123 3371 3062 3272 3129 3049 2801 3277 2844 3182 3142 3314 3350 3301 2854 2956 3263 3033 3110 3076 3282 3433 3198 3291 3121 3029 3244 2607 3267 3110 
2957 3287 3343 3361 3025 3390 3225 3420 2994 2967 3223 3340 3443 3164 3360 3135 3305 3563 3478 3485 3086 3425 3108 3024 3312 3195 3028 3020 3473 3275 3245 3360 3257 3516 3314 3136 3309 3270 3364 3229 3210 3592 3032 3319 3020 3245 3437 3385 3273 2887 3187 3349 2954 2917 3364 2973 3101 2983 3491 2780 3232 3123 3143 3164 3427 3219 3108 3474 3636 3501 3100 3384 3051 3394 3230 3176 3046 3433 2976 3278 3137 3415 3366 3249 3022 3121 3317 3306 3243 3469 3498 3684 3232 3609 3375 3305 3345 2760 3453 3290 
2661 2836 3234 3095 2639 2917 3116 3182 2480 2826 2757 3081 2971 2694 2928 2914 2955 3211 3091 3146 2823 2901 2763 2710 2938 2736 2894 2774 2847 3143 2988 3070 2969 3098 2933 2783 3063 3084 3099 2820 2955 3417 2820 2954 2832 2812 3038 3056 2958 2792 2813 2908 2707 2785 2893 2687 2813 2963 2970 2416 2975 2875 2663 2964 2808 2960 2780 2983 3284 3127 2870 3201 2815 3111 3031 2959 2720 3092 2698 2984 2991 3037 3173 3186 2700 2788 3058 2819 3043 3150 3171 3157 2950 3173 2979 3035 3200 2638 3071 2986 
2839 3080 3283 3366 2946 3093 3167 3264 2837 2790 3050 3147 3301 3003 3091 3011 2974 3270 3270 3285 2959 3140 2900 2860 3250 3015 3109 2880 3286 3211 3045 3245 3074 3243 3133 2893 3174 3187 3244 2978 3240 3263 2943 3111 3001 3063 3281 3096 3127 3036 3100 3328 2911 3050 3162 2993 3100 3018 3247 2662 3114 3090 2816 3115 3047 2902 2841 3244 3461 3501 3158 3309 3098 3239 3000 3256 2903 3346 2957 3155 3256 3155 3150 3160 2871 3087 3455 3251 3121 3162 3326 3564 3204 3301 3244 2919 3137 2885 3204 3127 
2825 2849 2907 3121 2854 2879 2993 3077 2752 2641 2832 3094 3006 2925 2997 2802 2867 3212 3104 3188 2772 3090 2898 2760 2915 2735 2655 2700 2941 2908 2776 3025 2825 3107 2863 2613 2920 2904 2918 2704 3095 3270 2846 2732 2819 2903 2979 2861 3113 2818 2914 3109 2771 2788 2903 2515 2873 2813 3194 2659 2803 2789 2589 2952 2838 2830 2635 3021 3197 3186 2975 3174 2965 3123 2812 2863 2582 3091 2809 3037 2819 3190 2960 3054 2729 2859 3270 2821 2870 3022 3137 3285 2953 3218 2930 2969 3013 2523 3153 2994 
2909 3243 3417 3174 3114 3141 3221 3406 3080 2909 3142 3299 3313 3034 3214 3190 2974 3512 3433 3527 3178 3284 3034 3007 3146 3363 2993 3032 3330 3245 3171 3403 3228 3261 3350 3163 3191 3022 3315 3299 3309 3460 2997 3231 2893 3070 3419 3381 3258 3118 3130 3354 3123 3205 3435 2958 3057 3113 3523 2944 3164 3150 2961 3076 3269 3079 3027 3193 3638 3566 3247 3346 3162 3426 3334 3181 2973 3373 2993 3293 3010 3373 3422 3345 3036 3221 3403 3289 3319 3267 3505 3706 3398 3405 3222 3166 3208 2738 3429 3285 
2937 3080 3126 3331 2917 2988 3304 3168 2897 2860 2917 3103 3189 2964 3006 2916 2929 3614 3262 3151 2979 3029 2839 2832 3145 2925 3031 2831 3080 2968 3264 3376 3068 3267 3095 3041 3157 3035 3327 3032 3173 3257 2924 3067 3111 2940 3225 3140 3162 2967 3120 3135 2843 2922 3138 2874 2904 3124 3329 2661 2961 2973 2766 3139 3038 3089 2842 3208 3496 3256 3109 3272 3095 3281 3086 3055 2877 3173 2834 3127 3143 3073 3148 3257 2852 3148 3304 2973 2994 3241 3288 3524 3120 3315 3173 3100 3360 2698 3308 3203 
2913 3072 3324 3197 2921 3086 3233 3260 2774 2851 3144 3128 3077 3061 3216 2952 3187 3529 3329 3488 2996 3203 3025 2823 3087 2917 3013 2851 3220 3231 3089 3327 3149 3080 3211 2941 3355 3190 3349 3135 3250 3519 3132 3058 2948 3197 3371 3323 3168 3060 3210 3257 2811 2863 2966 2836 2952 3021 3380 2604 3080 3042 2732 3257 3247 3002 2999 3386 3478 3387 3043 3191 3206 3270 3107 3131 2928 3331 2750 3316 3035 3308 3265 3131 2904 2921 3327 3061 3110 3388 3352 3548 3219 3311 3405 3145 3356 2637 3159 3364 
2999 3024 3467 3431 3070 3401 3415 3423 2969 3012 3212 3461 3432 3080 3261 3159 3188 3467 3359 3356 3025 3282 3091 2977 3330 3369 3020 3168 3434 3319 3258 3568 3253 3594 3343 3141 3273 3122 3363 3143 3253 3465 3030 3364 3107 3176 3494 3287 3538 2940 3089 3385 3060 3162 3503 2961 3247 3009 3472 2896 3285 3195 3054 3219 3220 2995 2982 3375 3605 3494 3211 3487 3177 3404 3313 3273 3038 3415 2992 3316 3304 3432 3492 3429 3012 3169 3581 3255 3097 3316 3536 3746 3440 3672 3332 3220 3469 2871 3535 3263 
2576 2832 2903 3034 2585 2913 2857 3070 2715 2537 2893 2915 3031 2746 2861 2751 2831 3128 3075 3106 2736 3049 2691 2582 2869 2552 2746 2698 2819 2834 2780 2869 2860 3087 2831 2529 2773 2926 2956 2753 2753 3301 2679 2757 2695 2643 3084 3093 2896 2763 2810 2753 2592 2599 2796 2681 2714 2673 2986 2369 3005 2744 2693 2725 2951 2654 2632 2909 3133 2942 2826 2941 2810 2981 2621 2817 2601 2844 2740 2991 2785 3041 2917 2802 2549 2784 3034 2913 2797 2915 3157 3088 2850 3072 2921 2868 2875 2427 3009 3026 
2891 2909 3232 3231 2907 3074 3202 3282 2880 2912 2978 3089 3211 3015 3153 2999 2950 3392 3073 3437 3021 3141 2856 3013 3148 2898 2876 2911 3022 3042 3022 3336 2994 3228 3167 2841 3256 3115 3238 2999 3044 3271 2900 3049 3030 2876 3074 3143 3257 3025 2956 3172 2912 3042 3122 2816 3109 3070 3299 2682 3039 2976 2693 3088 2913 2981 2909 3132 3451 3358 3147 3407 2975 3154 3101 3131 2931 3257 2891 3166 3143 3346 3225 3341 2945 2923 3316 3157 3090 3204 3321 3420 3153 3219 3211 3192 3401 2733 3248 3178 
2952 2962 3229 3045 2790 2819 3026 3222 2774 2786 2895 2990 3150 2885 2944 2852 2996 3223 3243 3094 2809 2947 2953 2701 2987 2810 2761 2916 2943 3072 3008 3127 3096 3155 3029 2709 3075 3005 3136 2831 2923 3563 2857 2930 2817 2975 3123 2914 3158 2769 3044 3155 2969 3045 2900 2666 2958 2945 3073 2934 2956 2818 2817 3037 2923 2840 2748 3120 3400 3158 3055 3322 3030 3129 3144 2925 2749 3137 3006 3179 3021 3198 3268 3220 2769 2901 3225 2833 2957 3178 3166 3309 3074 3081 3013 3105 2992 2589 3070 3130 
2831 2905 3184 3218 2799 2922 3074 3204 2837 2806 2997 3158 3169 2849 2999 2875 2905 3292 3224 3168 2905 3084 2760 2750 3151 2997 2976 2864 2854 3065 2995 3271 2993 3259 3022 2752 3051 3085 3209 2926 3126 3246 2779 3016 3038 2903 3110 3184 3218 2802 2954 3025 2938 2986 3064 2913 2898 2871 3064 2559 3070 2910 2689 3036 2967 3047 2704 2923 3462 3191 3148 3305 3093 3138 3053 2995 2740 3232 2903 3162 2999 3171 3318 3163 2924 3028 3186 2901 2954 3063 3206 3401 3037 3175 3118 3126 3270 2692 3280 3149 
2781 2986 3145 3079 2899 2888 2929 3268 2686 2731 2837 3115 3134 2893 2890 2908 3031 3271 3220 3238 2796 2997 2810 2688 2978 3022 2932 2974 3048 3076 2918 3124 3062 3139 3108 2886 3108 2927 3101 2876 3058 3350 2774 3046 2725 2832 3185 3075 3084 2747 2896 3019 2716 2779 2901 2735 2828 2983 3111 2625 2775 2856 2706 2917 3058 2914 2862 3117 3344 3251 3003 3125 2956 3112 2867 2946 2822 3140 2712 3077 2741 3158 3158 3045 2722 2891 3254 2970 2967 3096 3067 3318 3006 3154 2998 2979 3100 2577 3161 3003 
2821 2916 3094 3025 2729 2945 3094 3165 2729 2790 2922 2966 3126 2934 2989 2802 2809 3298 3065 3212 2827 3034 2775 2839 2986 3012 2794 2833 3045 3065 2878 3206 2944 3049 3007 2856 2994 2806 2957 2913 3115 2957 2727 2828 2844 2829 3084 3038 3015 2869 2834 3013 2746 2976 2885 2768 2855 2895 3085 2676 2701 2709 2694 2893 2746 2989 2795 3001 3357 3330 3131 3141 2849 3137 3011 3053 2769 3027 2622 3049 2917 3212 3040 2977 2719 2769 3088 2745 2896 3063 3158 3384 3156 3095 2929 2910 3015 2664 3146 2951 
3056 3103 3507 3395 3061 3150 3274 3379 2959 2897 3194 3289 3237 2930 3252 3148 3216 3583 3460 3404 3103 3364 3048 2993 3079 3139 3050 2888 3286 3271 3272 3396 3245 3372 3309 3000 3216 3137 3392 3152 3319 3685 3015 3215 2992 3112 3369 3367 3221 3136 3110 3252 2986 3143 3157 2881 2998 3187 3352 2863 3177 3157 2905 3235 3151 3131 2911 3204 3547 3449 3076 3432 3250 3362 3175 3169 2899 3374 2968 3386 3287 3378 3594 3413 3100 3074 3250 3101 3282 3294 3334 3551 3177 3427 3329 3131 3247 2772 3401 3305 
3016 3268 3406 3332 2960 3196 3262 3461 2801 3019 3057 3279 3236 3086 3128 3065 3159 3574 3366 3477 3136 3299 3173 3024 3248 3070 3035 3057 3260 3307 3244 3456 3294 3392 3269 3225 3346 3278 3381 3166 3227 3664 3079 3255 3232 3097 3409 3393 3246 3047 3174 3218 3117 3055 3413 2948 3121 3301 3435 2833 3211 3079 2980 3137 3277 3116 3020 3251 3508 3458 3233 3474 3222 3358 3105 3143 2981 3380 2999 3454 3257 3279 3515 3417 2987 3313 3565 3180 3257 3532 3372 3689 3113 3487 3276 3176 3365 2950 3463 3262 
2742 2929 2991 2996 2586 2769 2986 3000 2629 2493 2864 2899 2864 2824 2943 2686 2795 3227 3050 3166 2864 3015 2718 2692 2894 2775 2682 2633 2930 2984 2803 3147 2936 2963 3024 2750 2922 2849 3080 2839 2880 3205 2983 2738 2798 2809 3159 2931 2880 2839 2949 2970 2715 2763 2915 2683 2771 2877 3112 2543 2914 2899 2699 2902 2933 2779 2724 2946 3152 2980 2899 2990 2853 3085 2867 2811 2816 2902 2673 3013 2880 2945 3079 3037 2860 2905 3204 2867 3025 3047 3173 3398 3096 3096 2979 2705 2935 2511 3049 2996 
2946 3229 3284 3430 3019 3090 3234 3280 3020 3004 2967 3395 3530 3049 3393 3042 3115 3509 3274 3399 3073 3401 3020 2801 3242 2935 2969 3137 3147 3137 3092 3399 3164 3315 3195 2956 3121 3048 3427 2991 3071 3439 2821 3223 3108 2947 3217 3234 3278 2937 3077 3347 2907 3171 3298 3049 3131 3074 3325 2850 3023 3080 2918 3228 3215 3072 2984 3250 3718 3496 3231 3381 3301 3295 2962 3204 2849 3283 3105 3200 3168 3345 3338 3213 2900 3143 3360 3091 3136 3245 3438 3573 3120 3278 3323 3211 3322 2772 3411 3258 
2819 2984 3068 3252 2960 2972 3175 3134 2752 2910 2916 3197 3063 3018 3034 3014 3085 3355 3309 3325 3000 3106 2773 2727 3229 3013 2924 2935 3189 3010 2959 3248 3175 3197 3058 2808 3060 3054 3280 2760 3325 3275 2917 3015 3064 2999 3125 3073 3236 2839 3006 3085 2866 2896 3015 2778 2943 2946 3147 2702 2963 2871 2776 3020 3161 2914 2806 3132 3378 3316 3201 3248 3213 3214 2975 3100 2803 3205 2759 3160 2920 3276 3175 3166 2934 2888 3283 2785 3008 3299 3269 3379 3210 3176 3260 3171 3228 2549 3304 3140 
2683 2840 2808 2776 2525 2697 2691 2889 2454 2566 2658 2802 2914 2702 2857 2658 2725 2936 2919 2920 2784 2878 2683 2577 2923 2734 2633 2469 2761 2754 2736 2857 2761 3121 2771 2591 2583 2744 2890 2697 2820 3046 2563 2692 2629 2722 2902 2791 2833 2585 2761 2967 2473 2682 2998 2585 2750 2658 2955 2444 2764 2651 2581 2635 2798 2639 2514 2710 2974 3075 2807 2916 2793 2976 2624 2870 2460 2936 2567 2834 2765 2909 3009 2842 2634 2729 2930 2738 2880 2797 2904 3139 2660 3162 2751 2629 2880 2358 2989 2842 
2749 2794 2962 2892 2742 2808 2959 3079 2602 2756 2825 2991 2824 2865 2886 2704 2742 3161 2962 3023 2862 2801 2761 2548 2918 2839 2581 2662 2938 2930 2771 3179 2893 3026 2939 2558 3077 2822 2906 2758 2943 3079 2646 2671 2722 2764 2990 2914 3006 2617 2950 2998 2754 2712 2873 2563 2698 2724 2996 2552 2780 2737 2698 2868 2851 2862 2691 2886 3173 3000 2917 3063 2815 2946 2864 2714 2740 3093 2698 2942 2688 3063 2998 3036 2718 2786 3163 2810 2954 3186 3047 3272 3091 3125 3091 2880 3041 2447 3061 2859 
2899 2926 3031 3187 2788 2931 3142 3089 2765 2790 2851 3068 3190 2940 3025 2828 2941 3275 3156 3255 2932 3133 2842 2778 3044 2940 2956 2883 2911 2997 3003 3160 3007 3185 3105 2808 2968 3054 3055 2958 3002 3302 2861 2931 2832 2887 3031 3090 3081 2773 2890 3060 2816 2866 2960 2789 2876 2960 3276 2642 2868 2809 2732 3046 2946 3023 2805 2980 3408 3214 3034 3190 3122 2957 2806 3010 2572 2900 2767 3151 2949 3171 3111 3295 2892 2949 3229 2938 3136 3085 3150 3426 2963 3232 2986 2949 3194 2638 3114 3148 
2950 3104 3275 3339 2874 3233 3204 3241 2962 2864 3058 3282 3493 3047 3136 3075 3153 3431 3306 3502 3041 3268 2857 2936 3144 3074 3029 2994 3247 3198 3171 3291 3155 3230 3131 3131 3247 3359 3351 3206 3237 3491 3143 3102 2968 3076 3384 3304 3271 3047 2840 3164 2924 3021 3276 2960 3168 3104 3430 2819 3056 2969 2691 3126 3090 3067 3095 3226 3497 3537 3345 3304 3173 3295 3080 3285 2871 3434 2814 3327 3019 3344 3373 3249 3044 3164 3316 3064 3158 3239 3321 3640 3144 3363 3328 3154 3246 2938 3299 3091 
2774 2952 3109 3135 2871 3018 2992 3122 2632 2827 2827 3164 3061 2873 3077 2900 2898 3269 2993 3193 2845 3116 2870 2805 2942 3005 2938 2859 3006 3134 2887 3172 2927 3020 2969 2848 2969 3077 3146 2833 3096 3361 2863 2916 2962 2906 3132 3077 3171 2820 2837 3061 2731 2712 3011 2719 2855 3053 3187 2517 2901 2889 2569 3118 2898 2870 2801 2839 3273 3252 3078 3210 3048 3114 2830 2942 2545 3126 2650 3090 2814 3160 3169 3265 2868 3002 3153 2893 3037 3181 3143 3408 2987 3082 3075 2924 3146 2620 3054 2982 
2618 2762 2949 3074 2633 2775 2990 3072 2588 2736 2757 2898 2996 2812 2678 2646 2781 3076 3066 3050 2776 2892 2652 2654 2936 2525 2757 2664 2910 3026 2778 2952 2955 3006 2903 2538 2914 2777 2991 2554 2971 3137 2589 2907 2743 2723 2804 2937 2868 2755 2773 2898 2833 2679 2797 2472 2879 2683 2897 2452 2809 2666 2673 2881 2841 2597 2564 2948 3289 3020 2761 3084 2996 2877 2813 2839 2672 3116 2527 3017 2882 3044 2979 2929 2579 2650 2995 2905 2695 2970 2981 3000 2878 3096 2921 2820 2945 2505 3020 2847 
2996 3141 3321 3361 2988 3162 3337 3344 3013 3109 3178 3185 3409 3131 3255 3033 3175 3504 3321 3370 2969 3280 3083 2958 3224 3110 3089 2913 3217 3068 3219 3446 3202 3508 3393 2995 3241 3283 3345 3177 3154 3517 2986 3036 3006 3242 3300 3297 3383 3073 3239 3259 2988 2940 3299 2994 3034 3142 3462 2824 3315 3049 2986 3188 3183 3144 2910 3466 3554 3454 3298 3371 3207 3301 3249 3344 2849 3353 3051 3254 3209 3490 3220 3250 3015 3187 3401 3289 3268 3251 3430 3608 3091 3500 3323 3297 3355 2641 3337 3316 
2775 2855 3188 2970 2676 2704 2986 3006 2633 2627 2892 3041 3082 2798 3009 2656 2880 3329 2977 3129 2776 2912 2854 2796 2996 2766 2883 2868 2911 3038 2868 3159 2990 3141 3034 2936 2896 2644 3052 2855 2783 3297 2643 2745 2884 2915 3098 3087 3029 2729 2803 3039 2816 2774 2933 2619 2779 3021 3270 2683 3008 2798 2669 2919 2897 2771 2705 2969 3361 3263 3018 2976 2819 3126 2883 2920 2793 3068 2681 2953 2938 3101 2982 3014 2506 3009 3173 2920 2938 2977 3105 3238 2966 3054 2801 2862 2859 2653 3155 3062 
2897 3052 3333 3296 2879 3054 3195 3247 2622 2861 3255 3416 3193 3213 3210 2956 3247 3335 3348 3179 2916 3262 2961 2951 3265 3107 3025 3017 3195 3180 3037 3287 3241 3317 3197 2885 3180 3173 3250 3088 3202 3489 2978 3118 3055 3120 3446 3204 3321 2975 3166 3188 2870 2875 2950 2889 3033 3027 3408 2853 3145 2927 2851 3165 3038 3049 2925 3170 3460 3313 2984 3214 3078 3318 3163 3081 2898 3239 2925 3243 3069 3381 3261 3164 2969 2931 3272 2915 3122 3469 3397 3561 3297 3360 3184 3162 3441 2886 3356 3218 
2900 3120 3209 3249 2926 3030 3125 3249 2850 2892 2988 3207 3204 3116 3198 2937 3007 3342 3262 3398 3088 3119 2876 2869 3114 2977 2973 2905 3112 2989 2925 3370 3039 3276 3084 2868 3013 2937 3166 2978 3099 3200 2840 2922 2918 2935 3252 3111 3081 2881 2989 3245 2862 2834 3180 2825 2943 2931 3352 2746 2949 2888 2754 3061 3177 3043 2886 3266 3392 3480 3211 3286 3112 3350 3011 3052 2876 3205 2839 3217 3061 3380 3185 3180 2976 2998 3141 2983 3184 3163 3267 3416 3072 3286 3203 2967 3067 2632 3289 3163 
2889 2839 3012 3223 2719 2972 3128 3138 2617 2654 2913 3072 3065 2832 2843 2827 3013 3324 3267 3062 2758 3069 2736 2755 3247 2882 2812 2804 3110 3049 2902 3156 3150 3103 3001 2833 3083 3195 3200 2792 3113 3363 2892 2967 2979 3000 3130 2983 3075 2847 3013 2978 2936 2767 2950 2661 2993 2974 3136 2592 2754 2876 2687 3047 2966 2775 2764 3152 3244 3247 2962 3209 3117 3006 2975 2978 2851 3050 2668 3124 3002 3168 3177 3143 3045 2967 3289 2764 2943 3241 3057 3458 2961 3187 3058 2864 3108 2753 3284 3087 
2732 2979 3030 2934 2511 2924 2999 2974 2690 2569 3014 2966 2986 2865 2978 2707 2800 3359 2881 3083 2782 3078 2832 2695 2966 2870 2573 2902 2976 3037 2899 3158 2955 3163 2967 2838 3034 2926 2921 2930 2955 3190 2796 2685 2803 2805 3055 3007 2907 2788 2839 2878 2579 2716 2959 2615 2712 2979 3152 2606 2869 2781 2681 2852 2944 2832 2749 2905 3108 3110 2995 3046 2842 2993 2876 2742 2657 3008 2625 2990 2763 3024 3071 3068 2807 2908 3143 2770 2898 3225 3106 3385 3188 3130 2925 2781 3005 2569 3151 2851 
2592 2977 3075 3099 2678 2771 3069 2925 2664 2680 2774 2995 2921 2761 2996 2811 2857 3209 2978 3076 2816 3048 2840 2691 2929 2716 2709 2773 2882 3027 2836 3154 2891 3022 2954 2736 2984 2865 3180 2789 2965 3302 2934 2895 2824 2836 3005 2961 3004 2815 2828 2913 2963 2987 2956 2895 2805 2926 3072 2746 2892 2935 2810 2770 2867 2897 2772 2909 3163 3024 3019 3173 2850 3044 2959 2896 2857 3202 2743 3105 2879 2957 3063 3141 2716 2987 3236 2838 2944 3054 3021 3369 3181 3096 2954 3036 3093 2624 3161 2852 
2596 2809 2931 2971 2662 2806 2962 2903 2668 2605 2685 2961 3042 2694 2922 2658 2712 2952 2862 2882 2674 2985 2729 2673 2812 2675 2642 2618 2886 2935 2776 3055 2749 2975 2937 2557 2835 2743 2934 2674 2739 3199 2636 2818 2613 2872 2862 2916 3007 2709 2620 2833 2689 2723 2830 2431 2594 2816 2925 2532 2792 2777 2579 2936 2742 2721 2638 2828 3139 2974 2797 2919 2792 2958 2938 2938 2482 2928 2514 2786 2778 2988 3000 3053 2750 2893 2990 2887 3010 2834 2922 3216 2774 3090 2884 2738 2832 2425 2954 2615 
2801 2858 2929 3190 2747 2909 2967 3102 2673 2522 2965 2893 3184 2997 2871 2717 2853 3331 3252 3098 2660 2909 2758 2840 2976 2693 2815 2836 2987 2866 3035 3161 2960 3208 2886 2836 2962 2954 3012 2947 3004 3334 2693 2909 2856 2581 3103 3011 2931 2770 2724 3065 2765 2759 2943 2677 2996 2872 3150 2499 2923 2864 2550 2841 2914 2823 2802 3110 3272 3018 2942 3092 2869 3034 2924 2911 2760 3104 2734 2910 3029 2852 3092 2916 2618 2792 3076 2886 2851 2892 3025 3190 2960 3080 2951 2883 2926 2621 3072 2969 
3159 3210 3094 3229 2918 3027 3282 3299 2901 2972 3039 3113 3145 2979 3213 2980 3063 3506 3175 3264 3072 3130 2990 2858 3275 2910 2783 3011 3210 3143 3178 3392 3058 3273 3225 2928 3213 3079 3317 3069 3012 3239 2917 2987 2941 3115 3075 3103 2965 2763 3120 3254 2802 3077 3137 2798 2931 3110 3254 2769 3038 2984 2901 3056 3136 3040 2950 3201 3515 3448 3314 3330 2993 3158 3147 3045 2908 3181 2856 3219 3019 3260 3383 3360 2933 3031 3460 3100 3053 3327 3438 3530 3185 3451 3177 3058 3304 2596 3275 3297 
2611 2892 2788 2897 2704 2809 2983 3008 2607 2472 2682 2983 2868 2739 2792 2638 2816 3094 2932 3049 2523 2849 2670 2621 2739 2713 2689 2600 2903 2810 2692 3033 2796 3046 2808 2691 2867 2781 2924 2746 2995 3005 2595 2610 2643 2620 3148 2944 2871 2764 2919 2946 2631 2676 2775 2576 2624 2802 3080 2549 2821 2739 2604 2864 2884 2781 2590 2902 3061 3111 2730 2987 2717 3033 2733 2746 2524 2909 2605 2773 2658 2919 2856 2807 2566 2732 3103 2703 2671 2925 3090 3099 2799 2970 2898 2762 3069 2571 2942 2972 
2657 2651 2987 2951 2570 2815 2986 3010 2463 2822 2610 3012 2880 2587 2812 2665 2743 3064 2961 2990 2723 2833 2684 2648 2897 2625 2632 2572 2845 2923 2765 3050 2760 2874 2872 2730 2921 2789 2976 2669 2761 3040 2746 2831 2633 2751 3030 2918 2984 2605 2756 2878 2524 2699 2990 2528 2554 2877 2878 2506 2730 2775 2582 2793 2820 2510 2600 2893 3116 2903 2745 3092 2803 2871 2634 2758 2467 3020 2523 2942 2744 2860 3186 2981 2629 2709 3059 2728 2712 3030 2972 3146 2771 3121 2755 2676 3259 2463 3002 2893 
2740 2999 3348 3270 2814 3169 3285 3229 2822 2790 2889 3220 3113 2910 3012 2989 3099 3480 3338 3230 2860 3061 2910 2734 3121 2968 2981 2802 3251 3228 3016 3303 3145 3255 3103 3046 3205 3003 3262 2848 3205 3483 2842 3159 2972 3103 3244 3204 3154 2790 3011 3173 2911 2899 3010 2732 2945 2965 3292 2620 3014 3036 2810 3184 3232 2836 2885 3351 3520 3216 2891 3282 3086 3249 3122 3081 2806 3255 2818 3175 2998 3301 3336 3254 2793 3001 3347 3016 3010 3205 3350 3522 3101 3317 3199 3009 3309 2647 3279 3149 
2866 2983 2920 3168 2769 2750 3070 3018 2720 2730 2881 3023 3086 2858 3067 2803 2835 3287 3089 3091 2910 3116 2791 2792 3013 2877 2774 2769 3031 3043 2872 3143 2874 3055 3009 2788 2861 2948 3135 2777 2983 3147 2831 2931 2927 2942 3081 2941 3014 2782 2973 2955 2699 2866 2861 2761 2860 2873 3150 2603 2817 2743 2719 3041 2917 2827 2647 2959 3286 3201 2921 3157 2996 3110 2722 2760 2737 3152 2842 3122 2879 3103 3072 3002 2773 2885 3328 2852 2944 3192 3217 3408 2866 3275 3106 2960 3167 2810 3008 3018 
2883 3189 3277 3051 2750 3030 3258 3337 2753 2875 2983 3222 3203 3033 3207 3079 3124 3500 3178 3566 3184 3079 2836 2898 3105 3042 2753 2942 3176 3075 3004 3349 3151 3301 3264 2968 3236 3114 3331 3052 3178 3424 2979 3122 2941 3099 3239 3127 3193 2997 3144 3189 2912 3115 3111 2957 3023 2881 3410 2765 3122 2914 2972 3065 3253 2958 2856 3181 3460 3309 3110 3228 3101 3319 3189 3120 3006 3365 2952 3268 3051 3378 3262 3322 3019 3156 3353 3121 3174 3368 3420 3569 3322 3502 3297 3153 3294 2688 3341 3229 
2821 2872 3077 3092 2687 2922 2994 3009 2605 2778 2775 3193 3053 2843 2967 2862 2916 3262 3006 3239 2834 3105 2845 2686 2977 2777 2795 2879 3020 3089 2731 3127 3071 2911 3022 2821 2943 3035 3103 2927 2954 3308 2973 2881 2832 3005 3118 3059 3004 2928 2988 3057 2697 2847 2975 2768 3133 2929 3162 2632 2888 2779 2517 2980 2953 2799 2762 3020 3208 3258 2967 3245 2906 3095 2908 2931 2746 3183 2664 3140 2861 3190 3054 3151 2820 2805 3241 2779 2935 3104 3186 3378 3024 3107 3121 3016 3144 2665 3123 3022 
2957 3168 3291 3300 2863 2930 3188 3331 2931 2939 3087 3111 3272 2989 3232 2908 3017 3406 3394 3502 2950 3242 2825 2967 3112 3010 3077 2799 3199 3014 3004 3373 3098 3304 3134 2987 3075 3164 3192 3025 3147 3327 2942 3156 2942 3028 3337 3259 3200 3080 2941 3100 2953 2884 3187 2822 3023 3076 3339 2666 3158 2887 2798 3225 3297 3010 2948 3282 3507 3430 3149 3290 3162 3295 2955 3047 2856 3341 2978 3255 3009 3230 3283 3073 2923 3065 3160 3076 3225 3144 3289 3424 3037 3295 3294 3115 3077 2725 3144 3192 
2880 2940 3071 3075 2908 2822 3228 3012 2779 2793 2820 3023 2988 2766 3105 2822 2865 3079 3025 3117 2809 3046 2822 2842 3069 3038 2929 2729 2985 2997 2969 3195 2977 3150 2922 2742 2893 2960 3182 2740 3263 3099 2839 2971 2747 2887 3260 3100 3126 2858 3082 3064 3070 2824 3035 2862 2847 2929 3034 2645 2876 2989 2746 3180 2922 2858 2712 3019 3359 3213 2951 3171 2974 3045 3025 2886 2900 2959 2814 3177 2873 3116 3153 3044 2922 2848 3166 2855 2988 2951 3036 3395 3133 3208 3054 2998 3237 2661 3155 3102 
2751 2866 3284 3124 2847 3029 3155 3259 2871 2811 3010 3166 3140 2951 3026 3009 2892 3235 3088 3258 2744 3050 2793 2868 3015 3039 2862 2866 3171 3023 2989 3346 3097 3326 3107 2932 3218 3011 3188 2832 3034 3250 2776 2999 2913 2707 3071 3127 3263 2860 3043 3023 2857 2884 3142 2818 2890 3040 3221 2656 3100 2921 2763 3156 3028 2808 2797 3105 3447 3334 3123 3219 3040 3190 3126 3075 2826 3177 2829 3175 2902 3179 3287 3097 2793 3019 3292 2922 2926 3140 3314 3469 3109 3121 3227 3108 3236 2812 3308 2947 
2720 2792 2953 2970 2768 2763 3112 3022 2683 2630 2871 2996 2968 2733 2942 2594 2934 3194 2967 2963 2605 3027 2856 2595 2982 2781 2708 2823 2885 2886 2913 3125 2921 3228 3005 2895 2983 2899 3025 2706 2964 3363 2604 2806 2951 2798 3050 3037 3022 2553 2896 2894 2691 2698 2881 2642 2695 2947 3113 2735 2869 2868 2660 3009 2919 2776 2487 3049 3148 3061 2961 3068 2881 2971 2794 2884 2690 2911 2750 2991 2863 3102 3016 2973 2818 2893 3277 2727 2907 3096 3011 3278 2874 3169 3067 3012 3196 2700 3080 2991 
2444 2576 2743 2662 2385 2642 2732 2788 2322 2296 2613 2595 2774 2602 2496 2392 2512 2838 2745 2732 2535 2715 2455 2464 2799 2540 2572 2439 2844 2854 2518 2583 2682 2680 2624 2596 2625 2603 2585 2536 2610 2941 2463 2503 2594 2494 2842 2657 2623 2302 2469 2768 2369 2455 2639 2313 2579 2565 2750 2380 2615 2433 2357 2720 2586 2430 2480 2676 2971 2871 2596 2728 2606 2756 2515 2609 2343 2649 2241 2631 2647 2748 2699 2655 2321 2451 2718 2605 2563 2690 2886 2997 2597 2633 2519 2409 2739 2340 2760 2670 
2961 2893 3171 3163 2820 2784 3173 3063 2616 2860 2937 3095 3164 3033 3044 2757 2894 3206 3095 3112 2823 3028 2885 2839 3038 2900 2939 2824 2990 2977 2870 3265 3010 3282 3053 2905 2954 2955 3019 2867 3084 3327 2876 3009 2776 2909 3181 2985 3151 2990 3032 3210 2868 2776 2992 2722 3091 3043 3339 2644 2994 2931 2823 3175 2988 2974 2793 3241 3340 3287 3055 3200 2998 3031 3073 3072 2710 3025 2774 3024 3102 3307 3055 3033 2881 2939 3180 2858 3079 3001 3109 3346 3065 3382 2905 2970 3085 2615 3076 3170 
3112 3164 3312 3419 3005 3111 3227 3327 2959 2920 3154 3072 3357 3016 3226 3097 3133 3706 3361 3497 3073 3329 3154 2927 3207 3154 3051 3174 3278 3324 3266 3450 3186 3307 3334 3087 3251 3059 3334 3258 3395 3456 3071 3113 3057 3025 3356 3441 3192 3052 3244 3274 3073 3131 3235 2920 3007 3155 3355 2890 3078 3106 2921 3106 3167 3188 2973 3328 3587 3521 3259 3493 3135 3325 3141 3160 2989 3314 2975 3331 3185 3137 3458 3279 2932 3049 3437 3050 3137 3365 3457 3665 3206 3383 3263 3234 3339 2873 3358 3287 
2618 2838 2832 3021 2589 2830 2846 2861 2505 2468 2726 2854 2996 2676 2961 2696 2920 3140 3038 2950 2720 2960 2778 2682 2980 2716 2701 2624 2861 2860 2620 2961 2896 2997 2816 2635 2789 2666 3023 2761 2912 3102 2732 2941 2718 2885 2941 2947 2968 2696 2891 2936 2647 2607 2789 2650 2877 2679 2976 2451 2789 2787 2497 2925 2909 2773 2722 3000 3216 3028 2779 2852 2745 3117 2807 2838 2710 3015 2645 2981 2773 2941 2974 2810 2529 2787 2945 2771 2665 2897 2978 3273 2854 3167 2813 2819 2882 2402 3013 2882 
2722 2785 3174 3068 2648 2988 3104 3047 2802 2683 2887 2966 3113 2852 2930 2823 2966 3123 3021 3148 2835 2974 2782 2718 2963 2822 2866 2919 3002 2988 2990 3185 3013 3238 3030 2863 3131 2838 3159 2899 2962 3156 2600 2919 2759 2867 3115 3180 3104 2780 2897 2905 2780 2760 2988 2701 2857 2882 3146 2601 2940 2924 2724 3029 2919 2849 2635 3122 3371 3097 2959 3033 3020 3143 3080 3023 2643 2939 2756 3051 2889 3145 2999 2921 2772 2795 3080 2895 2966 3061 3030 3383 2952 3169 3126 2936 3142 2618 3192 2864 
2803 2686 2879 2758 2560 2657 2821 2926 2385 2567 2604 2995 2821 2551 2563 2678 2556 3073 2704 2874 2683 2642 2637 2518 2886 2542 2577 2549 2834 2957 2720 2890 2871 2852 2718 2695 2924 2634 2704 2719 2832 2996 2600 2600 2609 2563 2786 2794 2947 2598 2765 2901 2608 2722 2812 2513 2628 2668 2793 2349 2534 2643 2412 2676 2785 2645 2458 2623 3147 2979 2833 3001 2814 2899 2634 2726 2588 2925 2500 2844 2697 2812 2888 2979 2543 2803 2941 2783 2749 2839 2943 3107 2832 3039 2736 2594 2880 2339 2911 2819 
2988 2973 3288 3285 2826 3104 3280 3284 2844 3011 2939 3374 3244 3041 3077 2999 3073 3420 3085 3260 2927 3249 2951 2942 3209 3040 3046 2979 3151 3183 2970 3311 3090 3160 2974 3018 3142 3208 3161 3078 3036 3460 2967 2976 2967 3026 3324 3062 3294 2884 3025 3139 2840 2961 3156 2928 3095 2986 3266 2724 3025 3000 2728 3123 2973 2992 2795 3073 3347 3403 3163 3277 3017 3217 2932 3137 2673 3156 2846 3209 2983 3321 3196 3247 2845 3105 3342 3033 3195 3238 3236 3638 3035 3395 3186 3088 3351 2833 3104 3188 
3214 3397 3494 3534 3123 3130 3426 3466 2974 3094 3179 3431 3463 3206 3401 3150 3371 3638 3481 3441 3264 3431 3265 3075 3390 3365 3288 3155 3388 3294 3306 3449 3418 3608 3484 3192 3384 3307 3474 3256 3352 3657 3305 3254 3167 3332 3380 3404 3564 3061 3449 3427 3103 3119 3219 3186 3251 3315 3496 2969 3349 3138 3121 3305 3373 3230 3038 3426 3782 3612 3417 3665 3110 3450 3249 3354 3035 3328 3084 3615 3287 3477 3569 3515 3062 3244 3623 3300 3403 3344 3506 3834 3391 3652 3350 3444 3478 2851 3504 3388 
2858 2818 3118 3065 2697 2838 2975 3154 2543 2801 2857 2981 3083 2896 3060 2766 2779 3370 3031 3128 2810 3009 2843 2687 2957 2925 2746 2749 2893 2983 3012 3287 3048 3063 3093 2864 2961 2857 3075 2861 2894 3203 2892 2816 2875 2847 3070 3059 3143 2756 2917 3029 2902 2759 3141 2620 2787 2935 3021 2556 2887 2811 2705 2957 3078 2725 2780 2989 3425 3155 3057 3099 3010 2988 3066 2987 2751 3142 2729 3058 2947 2980 3195 3085 2783 2848 3043 2938 2958 3068 3161 3369 2948 3170 3003 2879 3072 2434 2976 2953 
2669 2798 2991 2999 2641 2878 2951 3022 2635 2712 2861 3016 3084 2775 3014 2789 2753 3019 2860 3027 2785 2853 2768 2670 3037 2646 2617 2727 2988 2941 2831 3080 2606 2924 2726 2644 3060 2960 2875 2729 2961 3111 2755 2798 2822 2763 2967 3033 2972 2666 2707 2858 2671 2779 2822 2638 2789 2784 2994 2517 2772 2655 2499 2877 2813 2828 2659 2944 3294 2948 3027 3066 2700 3012 2843 2723 2667 3144 2730 2972 2744 3076 2908 2939 2449 2886 3134 2875 2760 3049 3084 3308 3012 3089 2999 3033 3173 2493 3153 2739 
2578 2574 2927 3025 2549 2621 2918 2980 2628 2659 2845 2922 3056 2794 2719 2844 2790 3078 3002 2984 2743 2897 2577 2650 2991 2752 2646 2660 2805 2769 2899 2936 2941 2928 3018 2704 2844 2813 2965 2684 2778 3060 2612 2812 2642 2870 2826 2840 2876 2517 2704 2890 2712 2653 2844 2506 2847 2768 3059 2598 2757 2646 2615 2924 2833 2623 2708 3009 3299 3034 2812 3056 2829 2955 2933 2825 2674 3100 2568 2929 2705 2987 2943 2979 2622 2841 3154 2806 2703 2848 2957 3226 2701 2927 2835 2902 3004 2536 3234 2907 
3088 3191 3447 3457 3077 3283 3340 3438 2932 3088 3340 3476 3370 3222 3279 3114 3136 3503 3432 3463 3222 3309 3088 3093 3465 3199 3141 2964 3444 3411 3249 3534 3265 3502 3458 3010 3252 3237 3406 3194 3390 3613 2953 3254 3335 3063 3361 3321 3407 3087 3245 3397 3044 3096 3315 3001 3269 3283 3510 2874 3250 3131 2964 3451 3099 3114 2924 3239 3845 3508 3265 3544 3472 3397 3265 3241 2986 3510 3045 3402 3315 3408 3462 3454 3118 3179 3492 3167 3337 3416 3630 3743 3461 3469 3292 3160 3495 2837 3599 3395 
2853 2964 3210 3082 2915 2952 3227 3203 2835 2937 2990 3209 3147 2832 3051 2804 3011 3318 3163 3256 2878 3045 2843 2972 3047 2977 3037 2895 3022 3027 2939 3190 3094 3118 3025 3016 2979 2928 3147 2997 3020 3304 2790 3024 2790 2966 3301 3111 3137 2804 2852 3230 2758 2833 3275 2822 2917 2978 3153 2748 3127 3057 2663 3110 3060 2914 2896 3148 3348 3302 3029 3076 2955 3251 2961 2984 2769 3301 2803 3034 2935 3054 3094 2963 2735 2823 3056 3003 2900 3077 3138 3379 3066 3164 3065 2998 3140 2522 3183 3028 
2659 2635 2986 3128 2590 2667 2813 2970 2574 2603 2791 3073 2831 2727 2854 2598 2831 3021 3027 3004 2714 2907 2595 2671 2909 2757 2783 2640 2662 2713 2697 3026 2832 2860 2722 2720 2692 2905 2988 2823 2879 3155 2680 2857 2672 2691 2977 2905 2958 2724 2801 2859 2819 2621 2751 2591 2839 2691 2997 2482 2553 2750 2401 2822 2756 2799 2625 2816 3168 3078 2815 2919 2871 2741 2750 2833 2557 2876 2520 2872 2836 2986 2998 2902 2845 2799 3077 2560 2850 2992 2904 3345 2899 2975 2896 2817 2857 2696 2932 2942 
3042 3256 3340 3391 2939 3094 3450 3159 2934 3017 3149 3205 3393 3099 3288 3062 3065 3497 3398 3350 3080 3290 3068 3065 3289 3095 3058 3028 3197 3269 3185 3337 3160 3383 3218 2931 3221 3151 3238 3011 3173 3501 3104 3059 3145 3166 3250 3305 3261 2981 3031 3274 3091 3062 3236 2849 3086 3091 3262 2778 3256 3037 2964 3272 3141 3102 3024 3422 3584 3394 3218 3442 3190 3391 3320 3198 3056 3316 3023 3410 3277 3311 3409 3421 2889 3110 3320 3221 3288 3217 3400 3650 3298 3400 3231 3256 3220 2708 3354 3254 
2638 2778 3007 2854 2652 2798 2864 3041 2726 2539 2751 2820 2906 2682 2812 2784 2737 3013 2908 2843 2502 2860 2800 2657 2846 2759 2805 2650 2887 2857 2840 2899 2792 3073 2893 2881 2837 2922 2944 2671 2693 3208 2575 2830 2666 2792 3118 2826 3086 2671 2877 2847 2585 2573 2892 2640 2716 2845 2877 2657 2702 2723 2549 2822 2902 2750 2569 2996 3218 3140 2875 3073 2783 2907 2731 2934 2587 2877 2737 2883 2838 3011 2877 2910 2690 2678 3087 2843 2987 3018 3093 3217 2867 2985 2886 2807 2942 2589 2692 2794 
2896 2885 3150 3007 2812 2833 3297 3152 2825 2812 2873 2968 3175 2802 3041 2900 2995 3290 3057 3315 2928 3043 2914 2864 3019 3031 2898 2867 2989 3127 2942 3311 2986 3161 3034 2912 3102 3050 3092 2839 3005 3265 2873 2923 2917 2952 3112 3090 3148 2772 2996 3005 2738 2866 3111 2763 2944 3009 3145 2751 3058 2864 2758 3172 2955 2909 2907 3126 3289 3321 3016 3189 2968 3251 3006 2991 2877 3159 2706 3096 2852 3065 3133 3164 2688 2908 3281 2897 2939 3151 3198 3457 3023 3213 3122 3001 3170 2554 3148 2996 
2990 3123 3390 3329 3058 3078 3314 3249 2852 2965 2984 3314 3243 3018 3004 3012 2980 3475 3398 3343 3221 3171 2936 2942 3378 3106 3122 3065 3239 3130 3215 3375 3271 3393 3193 2933 3364 3150 3327 3054 3249 3463 3122 3134 3011 2954 3341 3258 3367 3033 3050 3264 3074 3063 3414 3013 3094 3280 3363 2909 3092 3214 2954 3046 3231 3058 2964 3178 3506 3246 3321 3569 3204 3086 3093 3261 2918 3344 2846 3304 3269 3242 3375 3279 3022 3179 3323 3150 3156 3270 3164 3585 3208 3427 3097 3088 3412 2756 3386 3245 
2824 2971 3137 3019 2763 2797 3198 3178 2792 2744 2911 3136 2998 2747 3046 2733 3124 3150 3121 3137 2842 3048 2869 2754 2973 2812 2932 2689 2862 3074 2799 3097 2856 3101 2971 2726 2982 3156 3129 2797 3025 3248 2753 2765 2814 2899 3183 3115 2975 2790 2902 2992 2925 2821 2748 2821 2763 2854 2969 2631 3070 2824 2683 2988 2750 2971 2763 3008 3219 3175 2946 3114 2851 3003 2824 2957 2732 3068 2668 3106 2864 3065 3223 3167 2736 2802 3323 2833 2918 3068 3029 3233 2983 3054 3063 2842 2991 2600 3076 3011 
2647 2830 3114 3054 2810 2972 3091 3123 2584 2748 2793 3045 2939 2846 2946 2695 2677 3178 3083 3145 2894 3211 2966 2755 3105 2871 2796 2623 2988 2967 2801 3135 2941 3208 2970 2818 2907 2800 3063 2794 3034 3190 2839 2924 2908 2913 2952 3023 3060 2571 2798 3091 2777 2684 3127 2523 2882 2953 3145 2567 2977 2974 2759 2960 3062 2768 2718 2948 3247 3156 2992 3166 2839 3058 2880 2962 2557 3051 2613 3017 2880 3158 3073 3049 2801 2868 3186 2995 3116 3094 3079 3256 2836 3313 2962 2817 3191 2643 3100 3032 
2929 3004 3248 3327 2873 2944 3202 3212 2801 2930 3125 3185 3309 2965 3258 2917 2997 3508 3173 3384 2850 3197 2897 3019 3272 3114 3029 2871 3081 3134 3180 3451 3137 3508 3077 3201 3266 3101 3302 3030 3237 3359 3061 3036 3088 2951 3250 3190 3429 2961 3076 3232 2925 3107 3251 2979 3000 3115 3357 2708 3152 3002 2939 3260 3194 3034 2923 3097 3601 3453 3099 3358 2990 3363 3108 3052 2964 3225 3038 3255 3191 3213 3208 3183 2931 3227 3457 3041 3115 3303 3293 3532 3069 3366 3169 3073 3378 2971 3385 3293 
2776 3024 3182 3180 2775 2889 3105 3151 2714 2687 2930 3177 3225 3021 3138 2858 3144 3242 3233 3251 2808 3057 2672 2781 3103 2921 2859 2913 2999 3156 2931 3162 2977 3136 2899 2669 3196 3179 3260 2948 2999 3338 2858 2903 2886 2988 3272 3200 3151 2914 2882 2989 2801 3028 2873 2873 2956 2787 3287 2571 2971 2803 2850 3062 3018 2995 2842 3131 3296 3307 2936 3199 2923 3287 3037 2927 2909 3211 2897 2922 3017 3205 3182 3156 2782 3003 3172 2942 3052 3214 3216 3379 3097 3152 3267 3031 3067 2669 3223 2980 
3066 2924 3310 3235 2970 2869 3233 3275 2852 2887 3097 3150 3260 3034 3213 2929 3153 3366 3221 3356 3030 3299 2954 2847 3250 3148 2864 2884 3136 3014 3059 3302 3132 3287 3327 2791 3036 3254 3350 3046 3111 3528 3081 3170 2806 3048 3190 3071 3303 2877 2954 3199 2847 3073 3201 2896 3184 3022 3498 2779 3151 2919 2840 3127 3129 2939 2888 3106 3408 3371 3151 3365 3072 3089 3069 3251 2775 3341 2856 3229 3067 3348 3321 3368 2986 3011 3352 3014 3007 3241 3388 3533 3194 3346 3159 3143 3408 2726 3304 3256 
3143 3247 3466 3356 2941 3239 3261 3299 2871 2998 3399 3257 3236 3074 3192 3032 3182 3612 3426 3421 3099 3199 3000 3110 3285 2973 3077 3054 3254 3408 3208 3455 3303 3442 3236 3072 3514 3266 3443 3149 3313 3601 3019 3228 3019 3194 3491 3270 3216 3065 3163 3360 2810 3177 3310 2921 3104 3097 3448 2876 3281 3202 2988 3157 3267 3125 2942 3342 3554 3486 3162 3272 3241 3402 3174 3140 3028 3510 2968 3260 3354 3362 3417 3190 2909 3047 3206 3210 3166 3469 3319 3582 3388 3478 3284 3116 3475 2711 3442 3303 
2714 2885 3066 2988 2797 2858 2976 2989 2539 2807 2781 3099 3024 2742 3006 2801 2691 3111 2933 3078 2792 3074 2822 2827 2935 2798 2878 2801 2976 3066 2892 3140 2996 3035 3062 2989 2887 2781 2927 2822 3015 3183 2852 3048 2723 2806 2974 3075 2955 2625 2867 3118 2673 2849 3043 2680 2830 2882 3052 2546 2978 2884 2789 2985 3045 2871 2851 2922 3308 3167 2770 3046 2741 3052 3042 2930 2665 3096 2553 3063 2817 2908 3069 3075 2753 2895 3067 2884 2911 2967 3047 3375 2994 3143 2940 2974 3042 2525 3078 2987 
3112 3340 3312 3334 3013 3117 3271 3389 2867 3171 3129 3401 3157 2999 3272 2924 3253 3564 3323 3399 3181 3266 3022 3064 3249 3025 3044 3013 3285 3332 3178 3389 3302 3367 3276 2848 3195 3057 3352 3067 3144 3579 2927 3076 3069 3202 3321 3383 3242 2945 3136 3299 3068 3076 3339 2992 2952 3135 3328 2766 3273 3107 2923 3245 3229 3013 2771 3105 3528 3539 3171 3226 3238 3315 3041 3064 2972 3468 3017 3394 3097 3179 3511 3243 2999 3166 3332 3169 3159 3417 3457 3528 3264 3468 3272 3134 3320 2669 3333 3319 
2887 2941 3039 3134 2664 2875 3031 3146 2732 2778 3099 3098 3063 2831 3151 2836 2926 3430 2999 2971 2954 3056 2871 2827 3026 2797 2787 2896 3031 2938 3006 3104 3029 3194 2971 2865 3082 2811 3033 2975 2881 3156 2817 2732 2900 2954 3104 3015 3204 2837 2978 3035 2673 2746 2923 2714 2808 2921 3119 2728 2970 2737 2635 2911 2962 2837 2760 2942 3434 3098 3007 3207 2949 3201 2857 2820 2681 3101 2811 3094 2817 3189 3103 3054 2772 2932 3156 2984 2998 3069 3168 3323 3003 3361 3066 2998 3049 2525 3148 2900 
2768 2768 3084 3122 2806 2679 3063 3057 2826 2793 2828 2916 3092 2921 3027 2735 2939 3154 2986 2992 2862 2923 2712 2740 2916 2940 2823 2756 3009 2980 2839 3120 3030 3057 3029 2785 2938 2908 2996 2864 2800 3299 2743 2790 2684 2891 3149 3017 3073 2669 2875 3094 2846 2608 2848 2755 2772 2918 3112 2592 2866 2826 2555 3083 2838 2782 2763 3008 3375 3021 2830 3125 2954 3021 2962 2867 2753 2907 2649 3009 2804 3089 3245 3069 2842 2831 3100 2966 2958 2859 3065 3308 2906 3074 3045 2878 2948 2490 2981 2968 
